0,0,1,0,1,0,-1,0,0,0.00333333333333333,0.00333333333333333,0.499416666666667,0
0,0,1,0,1,0,-1,0,0,0.00666666666666667,0.00666666666666667,0.498833333333333,0
0,0,1,0,1,0,-1,0,0,0.01,0.01,0.49825,0
0,0,1,0,1,0,-1,0,0,0.0133333333333333,0.0133333333333333,0.497666666666667,0
0,0,1,0,1,0,-1,0,0,0.0166666666666667,0.0166666666666667,0.497083333333333,0
0,0,1,0,1,0,-1,0,0,0.02,0.02,0.4965,0
0,0,1,0,1,0,-1,0,0,0.0233333333333333,0.0233333333333333,0.495916666666667,0
0,0,1,0,1,0,-1,0,0,0.0266666666666667,0.0266666666666667,0.495333333333333,0
0,0,1,0,1,0,-1,0,0,0.03,0.03,0.49475,0
0,0,1,0,1,0,-1,0,0,0.0333333333333333,0.0333333333333333,0.494166666666667,0
0,0,1,0,1,0,-1,0,0,0.0366666666666667,0.0366666666666667,0.493583333333333,0
0,0,1,0,1,0,-1,0,0,0.04,0.04,0.493,0
0,0,1,0,1,0,-1,0,0,0.0433333333333333,0.0433333333333333,0.492416666666667,0
0,0,1,0,1,0,-1,0,0,0.0466666666666667,0.0466666666666667,0.491833333333333,0
0,0,1,0,1,0,-1,0,0,0.05,0.05,0.49125,0
0,0,1,0,1,0,-1,0,0,0.0533333333333333,0.0533333333333333,0.490666666666667,0
0,0,1,0,1,0,-1,0,0,0.0566666666666667,0.0566666666666667,0.490083333333333,0
0,0,1,0,1,0,-1,0,0,0.06,0.06,0.4895,0
0,0,1,0,1,0,-1,0,0,0.0633333333333333,0.0633333333333333,0.488916666666667,0
0,0,1,0,1,0,-1,0,0,0.0666666666666667,0.0666666666666667,0.488333333333333,0
0,0,1,0,1,0,-1,0,0,0.07,0.07,0.48775,0
0,0,1,0,1,0,-1,0,0,0.0733333333333333,0.0733333333333333,0.487166666666667,0
0,0,1,0,1,0,-1,0,0,0.0766666666666667,0.0766666666666667,0.486583333333333,0
0,0,1,0,1,0,-1,0,0,0.08,0.08,0.486,0
0,0,1,0,1,0,-1,0,0,0.0833333333333333,0.0833333333333333,0.485416666666667,0
0,0,1,0,1,0,-1,0,0,0.0866666666666667,0.0866666666666667,0.484833333333333,0
0,0,1,0,1,0,-1,0,0,0.09,0.09,0.48425,0
0,0,1,0,1,0,-1,0,0,0.0933333333333333,0.0933333333333333,0.483666666666667,0
0,0,1,0,1,0,-1,0,0,0.0966666666666667,0.0966666666666667,0.483083333333333,0
0,0,1,0,1,0,-1,0,0,0.1,0.1,0.4825,0
0,0,1,0,1,0,-1,0,0,0.103333333333333,0.103333333333333,0.481916666666667,0
0,0,1,0,1,0,-1,0,0,0.106666666666667,0.106666666666667,0.481333333333333,0
0,0,1,0,1,0,-1,0,0,0.11,0.11,0.48075,0
0,0,1,0,1,0,-1,0,0,0.113333333333333,0.113333333333333,0.480166666666667,0
0,0,1,0,1,0,-1,0,0,0.116666666666667,0.116666666666667,0.479583333333333,0
0,0,1,0,1,0,-1,0,0,0.12,0.12,0.479,0
0,0,1,0,1,0,-1,0,0,0.123333333333333,0.123333333333333,0.478416666666667,0
0,0,1,0,1,0,-1,0,0,0.126666666666667,0.126666666666667,0.477833333333333,0
0,0,1,0,1,0,-1,0,0,0.13,0.13,0.47725,0
0,0,1,0,1,0,-1,0,0,0.133333333333333,0.133333333333333,0.476666666666667,0
0,0,1,0,1,0,-1,0,0,0.136666666666667,0.136666666666667,0.476083333333333,0
0,0,1,0,1,0,-1,0,0,0.14,0.14,0.4755,0
0,0,1,0,1,0,-1,0,0,0.143333333333333,0.143333333333333,0.474916666666667,0
0,0,1,0,1,0,-1,0,0,0.146666666666667,0.146666666666667,0.474333333333333,0
0,0,1,0,1,0,-1,0,0,0.15,0.15,0.47375,0
0,0,1,0,1,0,-1,0,0,0.153333333333333,0.153333333333333,0.473166666666667,0
0,0,1,0,1,0,-1,0,0,0.156666666666667,0.156666666666667,0.472583333333333,0
0,0,1,0,1,0,-1,0,0,0.16,0.16,0.472,0
0,0,1,0,1,0,-1,0,0,0.163333333333333,0.163333333333333,0.471416666666667,0
0,0,1,0,1,0,-1,0,0,0.166666666666667,0.166666666666667,0.470833333333333,0
0,0,1,0,1,0,-1,0,0,0.17,0.17,0.47025,0
0,0,1,0,1,0,-1,0,0,0.173333333333333,0.173333333333333,0.469666666666667,0
0,0,1,0,1,0,-1,0,0,0.176666666666667,0.176666666666667,0.469083333333333,0
0,0,1,0,1,0,-1,0,0,0.18,0.18,0.4685,0
0,0,1,0,1,0,-1,0,0,0.183333333333333,0.183333333333333,0.467916666666667,0
0,0,1,0,1,0,-1,0,0,0.186666666666667,0.186666666666667,0.467333333333333,0
0,0,1,0,1,0,-1,0,0,0.19,0.19,0.46675,0
0,0,1,0,1,0,-1,0,0,0.193333333333333,0.193333333333333,0.466166666666667,0
0,0,1,0,1,0,-1,0,0,0.196666666666667,0.196666666666667,0.465583333333333,0
0,0,1,0,1,0,-1,0,0,0.2,0.2,0.465,0
0,0,1,0,1,0,-1,0,0,0.203333333333333,0.203333333333333,0.464416666666667,0
0,0,1,0,1,0,-1,0,0,0.206666666666667,0.206666666666667,0.463833333333333,0
0,0,1,0,1,0,-1,0,0,0.21,0.21,0.46325,0
0,0,1,0,1,0,-1,0,0,0.213333333333333,0.213333333333333,0.462666666666667,0
0,0,1,0,1,0,-1,0,0,0.216666666666667,0.216666666666667,0.462083333333333,0
0,0,1,0,1,0,-1,0,0,0.22,0.22,0.4615,0
0,0,1,0,1,0,-1,0,0,0.223333333333333,0.223333333333333,0.460916666666667,0
0,0,1,0,1,0,-1,0,0,0.226666666666667,0.226666666666667,0.460333333333333,0
0,0,1,0,1,0,-1,0,0,0.23,0.23,0.45975,0
0,0,1,0,1,0,-1,0,0,0.233333333333333,0.233333333333333,0.459166666666667,0
0,0,1,0,1,0,-1,0,0,0.236666666666667,0.236666666666667,0.458583333333333,0
0,0,1,0,1,0,-1,0,0,0.24,0.24,0.458,0
0,0,1,0,1,0,-1,0,0,0.243333333333333,0.243333333333333,0.457416666666667,0
0,0,1,0,1,0,-1,0,0,0.246666666666667,0.246666666666667,0.456833333333333,0
0,0,1,0,1,0,-1,0,0,0.25,0.25,0.45625,0
0,0,1,0,1,0,-1,0,0,0.253333333333333,0.253333333333333,0.455666666666667,0
0,0,1,0,1,0,-1,0,0,0.256666666666667,0.256666666666667,0.455083333333333,0
0,0,1,0,1,0,-1,0,0,0.26,0.26,0.4545,0
0,0,1,0,1,0,-1,0,0,0.263333333333333,0.263333333333333,0.453916666666667,0
0,0,1,0,1,0,-1,0,0,0.266666666666667,0.266666666666667,0.453333333333333,0
0,0,1,0,1,0,-1,0,0,0.27,0.27,0.45275,0
0,0,1,0,1,0,-1,0,0,0.273333333333333,0.273333333333333,0.452166666666667,0
0,0,1,0,1,0,-1,0,0,0.276666666666667,0.276666666666667,0.451583333333333,0
0,0,1,0,1,0,-1,0,0,0.28,0.28,0.451,0
0,0,1,0,1,0,-1,0,0,0.283333333333333,0.283333333333333,0.450416666666667,0
0,0,1,0,1,0,-1,0,0,0.286666666666667,0.286666666666667,0.449833333333333,0
0,0,1,0,1,0,-1,0,0,0.29,0.29,0.44925,0
0,0,1,0,1,0,-1,0,0,0.293333333333333,0.293333333333333,0.448666666666667,0
0,0,1,0,1,0,-1,0,0,0.296666666666667,0.296666666666667,0.448083333333333,0
0,0,1,0,1,0,-1,0,0,0.3,0.3,0.4475,0
0,0,1,0,1,0,-1,0,0,0.303333333333333,0.303333333333333,0.446916666666667,0
0,0,1,0,1,0,-1,0,0,0.306666666666667,0.306666666666667,0.446333333333333,0
0,0,1,0,1,0,-1,0,0,0.31,0.31,0.44575,0
0,0,1,0,1,0,-1,0,0,0.313333333333333,0.313333333333333,0.445166666666667,0
0,0,1,0,1,0,-1,0,0,0.316666666666667,0.316666666666667,0.444583333333333,0
0,0,1,0,1,0,-1,0,0,0.32,0.32,0.444,0
0,0,1,0,1,0,-1,0,0,0.323333333333333,0.323333333333333,0.443416666666667,0
0,0,1,0,1,0,-1,0,0,0.326666666666667,0.326666666666667,0.442833333333333,0
0,0,1,0,1,0,-1,0,0,0.33,0.33,0.44225,0
0,0,1,0,1,0,-1,0,0,0.333333333333333,0.333333333333333,0.441666666666667,0
0,0,1,0,1,0,-1,0,0,0.336666666666667,0.336666666666667,0.441083333333333,0
0,0,1,0,1,0,-1,0,0,0.34,0.34,0.4405,0
0,0,1,0,1,0,-1,0,0,0.343333333333333,0.343333333333333,0.439916666666667,0
0,0,1,0,1,0,-1,0,0,0.346666666666667,0.346666666666667,0.439333333333333,0
0,0,1,0,1,0,-1,0,0,0.35,0.35,0.43875,0
0,0,1,0,1,0,-1,0,0,0.353333333333333,0.353333333333333,0.438166666666667,0
0,0,1,0,1,0,-1,0,0,0.356666666666667,0.356666666666667,0.437583333333333,0
0,0,1,0,1,0,-1,0,0,0.36,0.36,0.437,0
0,0,1,0,1,0,-1,0,0,0.363333333333333,0.363333333333333,0.436416666666667,0
0,0,1,0,1,0,-1,0,0,0.366666666666667,0.366666666666667,0.435833333333333,0
0,0,1,0,1,0,-1,0,0,0.37,0.37,0.43525,0
0,0,1,0,1,0,-1,0,0,0.373333333333333,0.373333333333333,0.434666666666667,0
0,0,1,0,1,0,-1,0,0,0.376666666666667,0.376666666666667,0.434083333333333,0
0,0,1,0,1,0,-1,0,0,0.38,0.38,0.4335,0
0,0,1,0,1,0,-1,0,0,0.383333333333333,0.383333333333333,0.432916666666667,0
0,0,1,0,1,0,-1,0,0,0.386666666666667,0.386666666666667,0.432333333333333,0
0,0,1,0,1,0,-1,0,0,0.39,0.39,0.43175,0
0,0,1,0,1,0,-1,0,0,0.393333333333333,0.393333333333333,0.431166666666667,0
0,0,1,0,1,0,-1,0,0,0.396666666666667,0.396666666666667,0.430583333333333,0
0,0,1,0,1,0,-1,0,0,0.4,0.4,0.43,0
0,0,1,0,1,0,-1,0,0,0.403333333333333,0.403333333333333,0.429416666666667,0
0,0,1,0,1,0,-1,0,0,0.406666666666667,0.406666666666667,0.428833333333333,0
0,0,1,0,1,0,-1,0,0,0.41,0.41,0.42825,0
0,0,1,0,1,0,-1,0,0,0.413333333333333,0.413333333333333,0.427666666666667,0
0,0,1,0,1,0,-1,0,0,0.416666666666667,0.416666666666667,0.427083333333333,0
0,0,1,0,1,0,-1,0,0,0.42,0.42,0.4265,0
0,0,1,0,1,0,-1,0,0,0.423333333333333,0.423333333333333,0.425916666666667,0
0,0,1,0,1,0,-1,0,0,0.426666666666667,0.426666666666667,0.425333333333333,0
0,0,1,0,1,0,-1,0,0,0.43,0.43,0.42475,0
0,0,1,0,1,0,-1,0,0,0.433333333333333,0.433333333333333,0.424166666666667,0
0,0,1,0,1,0,-1,0,0,0.436666666666667,0.436666666666667,0.423583333333333,0
0,0,1,0,1,0,-1,0,0,0.44,0.44,0.423,0
0,0,1,0,1,0,-1,0,0,0.443333333333333,0.443333333333333,0.422416666666667,0
0,0,1,0,1,0,-1,0,0,0.446666666666667,0.446666666666667,0.421833333333333,0
0,0,1,0,1,0,-1,0,0,0.45,0.45,0.42125,0
0,0,1,0,1,0,-1,0,0,0.453333333333333,0.453333333333333,0.420666666666667,0
0,0,1,0,1,0,-1,0,0,0.456666666666667,0.456666666666667,0.420083333333333,0
0,0,1,0,1,0,-1,0,0,0.46,0.46,0.4195,0
0,0,1,0,1,0,-1,0,0,0.463333333333333,0.463333333333333,0.418916666666667,0
0,0,1,0,1,0,-1,0,0,0.466666666666667,0.466666666666667,0.418333333333333,0
0,0,1,0,1,0,-1,0,0,0.47,0.47,0.41775,0
0,0,1,0,1,0,-1,0,0,0.473333333333333,0.473333333333333,0.417166666666667,0
0,0,1,0,1,0,-1,0,0,0.476666666666667,0.476666666666667,0.416583333333333,0
0,0,1,0,1,0,-1,0,0,0.48,0.48,0.416,0
0,0,1,0,1,0,-1,0,0,0.483333333333333,0.483333333333333,0.415416666666667,0
0,0,1,0,1,0,-1,0,0,0.486666666666667,0.486666666666667,0.414833333333333,0
0,0,1,0,1,0,-1,0,0,0.49,0.49,0.41425,0
0,0,1,0,1,0,-1,0,0,0.493333333333333,0.493333333333333,0.413666666666667,0
0,0,1,0,1,0,-1,0,0,0.496666666666667,0.496666666666667,0.413083333333333,0
0,0,1,0,1,0,-1,0,0,0.5,0.5,0.4125,0
0,0,1,0,1,0,-1,0,0,0.503333333333333,0.503333333333333,0.411916666666667,0
0,0,1,0,1,0,-1,0,0,0.506666666666667,0.506666666666667,0.411333333333333,0
0,0,1,0,1,0,-1,0,0,0.51,0.51,0.41075,0
0,0,1,0,1,0,-1,0,0,0.513333333333333,0.513333333333333,0.410166666666667,0
0,0,1,0,1,0,-1,0,0,0.516666666666667,0.516666666666667,0.409583333333333,0
0,0,1,0,1,0,-1,0,0,0.52,0.52,0.409,0
0,0,1,0,1,0,-1,0,0,0.523333333333333,0.523333333333333,0.408416666666667,0
0,0,1,0,1,0,-1,0,0,0.526666666666667,0.526666666666667,0.407833333333333,0
0,0,1,0,1,0,-1,0,0,0.53,0.53,0.40725,0
0,0,1,0,1,0,-1,0,0,0.533333333333333,0.533333333333333,0.406666666666667,0
0,0,1,0,1,0,-1,0,0,0.536666666666667,0.536666666666667,0.406083333333333,0
0,0,1,0,1,0,-1,0,0,0.54,0.54,0.4055,0
0,0,1,0,1,0,-1,0,0,0.543333333333333,0.543333333333333,0.404916666666667,0
0,0,1,0,1,0,-1,0,0,0.546666666666667,0.546666666666667,0.404333333333333,0
0,0,1,0,1,0,-1,0,0,0.55,0.55,0.40375,0
0,0,1,0,1,0,-1,0,0,0.553333333333333,0.553333333333333,0.403166666666667,0
0,0,1,0,1,0,-1,0,0,0.556666666666667,0.556666666666667,0.402583333333333,0
0,0,1,0,1,0,-1,0,0,0.56,0.56,0.402,0
0,0,1,0,1,0,-1,0,0,0.563333333333333,0.563333333333333,0.401416666666667,0
0,0,1,0,1,0,-1,0,0,0.566666666666667,0.566666666666667,0.400833333333333,0
0,0,1,0,1,0,-1,0,0,0.57,0.57,0.40025,0
0,0,1,0,1,0,-1,0,0,0.573333333333333,0.573333333333333,0.399666666666667,0
0,0,1,0,1,0,-1,0,0,0.576666666666667,0.576666666666667,0.399083333333333,0
0,0,1,0,1,0,-1,0,0,0.58,0.58,0.3985,0
0,0,1,0,1,0,-1,0,0,0.583333333333333,0.583333333333333,0.397916666666667,0
0,0,1,0,1,0,-1,0,0,0.586666666666667,0.586666666666667,0.397333333333333,0
0,0,1,0,1,0,-1,0,0,0.59,0.59,0.39675,0
0,0,1,0,1,0,-1,0,0,0.593333333333333,0.593333333333333,0.396166666666667,0
0,0,1,0,1,0,-1,0,0,0.596666666666667,0.596666666666667,0.395583333333333,0
0,0,1,0,1,0,-1,0,0,0.6,0.6,0.395,0
0,0,1,0,1,0,-1,0,0,0.603333333333333,0.603333333333333,0.394416666666667,0
0,0,1,0,1,0,-1,0,0,0.606666666666667,0.606666666666667,0.393833333333333,0
0,0,1,0,1,0,-1,0,0,0.61,0.61,0.39325,0
0,0,1,0,1,0,-1,0,0,0.613333333333333,0.613333333333333,0.392666666666667,0
0,0,1,0,1,0,-1,0,0,0.616666666666667,0.616666666666667,0.392083333333333,0
0,0,1,0,1,0,-1,0,0,0.62,0.62,0.3915,0
0,0,1,0,1,0,-1,0,0,0.623333333333333,0.623333333333333,0.390916666666667,0
0,0,1,0,1,0,-1,0,0,0.626666666666667,0.626666666666667,0.390333333333333,0
0,0,1,0,1,0,-1,0,0,0.63,0.63,0.38975,0
0,0,1,0,1,0,-1,0,0,0.633333333333333,0.633333333333333,0.389166666666667,0
0,0,1,0,1,0,-1,0,0,0.636666666666667,0.636666666666667,0.388583333333333,0
0,0,1,0,1,0,-1,0,0,0.64,0.64,0.388,0
0,0,1,0,1,0,-1,0,0,0.643333333333333,0.643333333333333,0.387416666666667,0
0,0,1,0,1,0,-1,0,0,0.646666666666667,0.646666666666667,0.386833333333333,0
0,0,1,0,1,0,-1,0,0,0.65,0.65,0.38625,0
0,0,1,0,1,0,-1,0,0,0.653333333333333,0.653333333333333,0.385666666666667,0
0,0,1,0,1,0,-1,0,0,0.656666666666667,0.656666666666667,0.385083333333333,0
0,0,1,0,1,0,-1,0,0,0.66,0.66,0.3845,0
0,0,1,0,1,0,-1,0,0,0.663333333333333,0.663333333333333,0.383916666666667,0
0,0,1,0,1,0,-1,0,0,0.666666666666667,0.666666666666667,0.383333333333333,0
0,0,1,0,1,0,-1,0,0,0.67,0.67,0.38275,0
0,0,1,0,1,0,-1,0,0,0.673333333333333,0.673333333333333,0.382166666666667,0
0,0,1,0,1,0,-1,0,0,0.676666666666667,0.676666666666667,0.381583333333333,0
0,0,1,0,1,0,-1,0,0,0.68,0.68,0.381,0
0,0,1,0,1,0,-1,0,0,0.683333333333333,0.683333333333333,0.380416666666667,0
0,0,1,0,1,0,-1,0,0,0.686666666666667,0.686666666666667,0.379833333333333,0
0,0,1,0,1,0,-1,0,0,0.69,0.69,0.37925,0
0,0,1,0,1,0,-1,0,0,0.693333333333333,0.693333333333333,0.378666666666667,0
0,0,1,0,1,0,-1,0,0,0.696666666666667,0.696666666666667,0.378083333333333,0
0,0,1,0,1,0,-1,0,0,0.7,0.7,0.3775,0
0,0,1,0,1,0,-1,0,0,0.703333333333333,0.703333333333333,0.376916666666667,0
0,0,1,0,1,0,-1,0,0,0.706666666666667,0.706666666666667,0.376333333333333,0
0,0,1,0,1,0,-1,0,0,0.71,0.71,0.37575,0
0,0,1,0,1,0,-1,0,0,0.713333333333333,0.713333333333333,0.375166666666667,0
0,0,1,0,1,0,-1,0,0,0.716666666666667,0.716666666666667,0.374583333333333,0
0,0,1,0,1,0,-1,0,0,0.72,0.72,0.374,0
0,0,1,0,1,0,-1,0,0,0.723333333333333,0.723333333333333,0.373416666666667,0
0,0,1,0,1,0,-1,0,0,0.726666666666667,0.726666666666667,0.372833333333333,0
0,0,1,0,1,0,-1,0,0,0.73,0.73,0.37225,0
0,0,1,0,1,0,-1,0,0,0.733333333333333,0.733333333333333,0.371666666666667,0
0,0,1,0,1,0,-1,0,0,0.736666666666667,0.736666666666667,0.371083333333333,0
0,0,1,0,1,0,-1,0,0,0.74,0.74,0.3705,0
0,0,1,0,1,0,-1,0,0,0.743333333333333,0.743333333333333,0.369916666666667,0
0,0,1,0,1,0,-1,0,0,0.746666666666667,0.746666666666667,0.369333333333333,0
0,0,1,0,1,0,-1,0,0,0.75,0.75,0.36875,0
0,0,1,0,1,0,-1,0,0,0.753333333333333,0.753333333333333,0.368166666666667,0
0,0,1,0,1,0,-1,0,0,0.756666666666667,0.756666666666667,0.367583333333333,0
0,0,1,0,1,0,-1,0,0,0.76,0.76,0.367,0
0,0,1,0,1,0,-1,0,0,0.763333333333333,0.763333333333333,0.366416666666667,0
0,0,1,0,1,0,-1,0,0,0.766666666666667,0.766666666666667,0.365833333333333,0
0,0,1,0,1,0,-1,0,0,0.77,0.77,0.36525,0
0,0,1,0,1,0,-1,0,0,0.773333333333333,0.773333333333333,0.364666666666667,0
0,0,1,0,1,0,-1,0,0,0.776666666666667,0.776666666666667,0.364083333333333,0
0,0,1,0,1,0,-1,0,0,0.78,0.78,0.3635,0
0,0,1,0,1,0,-1,0,0,0.783333333333333,0.783333333333333,0.362916666666667,0
0,0,1,0,1,0,-1,0,0,0.786666666666667,0.786666666666667,0.362333333333333,0
0,0,1,0,1,0,-1,0,0,0.79,0.79,0.36175,0
0,0,1,0,1,0,-1,0,0,0.793333333333333,0.793333333333333,0.361166666666667,0
0,0,1,0,1,0,-1,0,0,0.796666666666667,0.796666666666667,0.360583333333333,0
0,0,1,0,1,0,-1,0,0,0.8,0.8,0.36,0
0,0,1,0,1,0,-1,0,0,0.803333333333333,0.803333333333333,0.359416666666667,0
0,0,1,0,1,0,-1,0,0,0.806666666666667,0.806666666666667,0.358833333333333,0
0,0,1,0,1,0,-1,0,0,0.81,0.81,0.35825,0
0,0,1,0,1,0,-1,0,0,0.813333333333333,0.813333333333333,0.357666666666667,0
0,0,1,0,1,0,-1,0,0,0.816666666666667,0.816666666666667,0.357083333333333,0
0,0,1,0,1,0,-1,0,0,0.82,0.82,0.3565,0
0,0,1,0,1,0,-1,0,0,0.823333333333333,0.823333333333333,0.355916666666667,0
0,0,1,0,1,0,-1,0,0,0.826666666666667,0.826666666666667,0.355333333333333,0
0,0,1,0,1,0,-1,0,0,0.83,0.83,0.35475,0
0,0,1,0,1,0,-1,0,0,0.833333333333333,0.833333333333333,0.354166666666667,0
0,0,1,0,1,0,-1,0,0,0.836666666666667,0.836666666666667,0.353583333333333,0
0,0,1,0,1,0,-1,0,0,0.84,0.84,0.353,0
0,0,1,0,1,0,-1,0,0,0.843333333333333,0.843333333333333,0.352416666666667,0
0,0,1,0,1,0,-1,0,0,0.846666666666667,0.846666666666667,0.351833333333333,0
0,0,1,0,1,0,-1,0,0,0.85,0.85,0.35125,0
0,0,1,0,1,0,-1,0,0,0.853333333333333,0.853333333333333,0.350666666666667,0
0,0,1,0,1,0,-1,0,0,0.856666666666667,0.856666666666667,0.350083333333333,0
0,0,1,0,1,0,-1,0,0,0.86,0.86,0.3495,0
0,0,1,0,1,0,-1,0,0,0.863333333333333,0.863333333333333,0.348916666666667,0
0,0,1,0,1,0,-1,0,0,0.866666666666667,0.866666666666667,0.348333333333333,0
0,0,1,0,1,0,-1,0,0,0.87,0.87,0.34775,0
0,0,1,0,1,0,-1,0,0,0.873333333333333,0.873333333333333,0.347166666666667,0
0,0,1,0,1,0,-1,0,0,0.876666666666667,0.876666666666667,0.346583333333333,0
0,0,1,0,1,0,-1,0,0,0.88,0.88,0.346,0
0,0,1,0,1,0,-1,0,0,0.883333333333333,0.883333333333333,0.345416666666667,0
0,0,1,0,1,0,-1,0,0,0.886666666666667,0.886666666666667,0.344833333333333,0
0,0,1,0,1,0,-1,0,0,0.89,0.89,0.34425,0
0,0,1,0,1,0,-1,0,0,0.893333333333333,0.893333333333333,0.343666666666667,0
0,0,1,0,1,0,-1,0,0,0.896666666666667,0.896666666666667,0.343083333333333,0
0,0,1,0,1,0,-1,0,0,0.9,0.9,0.3425,0
0,0,1,0,1,0,-1,0,0,0.903333333333333,0.903333333333333,0.341916666666667,0
0,0,1,0,1,0,-1,0,0,0.906666666666667,0.906666666666667,0.341333333333333,0
0,0,1,0,1,0,-1,0,0,0.91,0.91,0.34075,0
0,0,1,0,1,0,-1,0,0,0.913333333333333,0.913333333333333,0.340166666666667,0
0,0,1,0,1,0,-1,0,0,0.916666666666667,0.916666666666667,0.339583333333333,0
0,0,1,0,1,0,-1,0,0,0.92,0.92,0.339,0
0,0,1,0,1,0,-1,0,0,0.923333333333333,0.923333333333333,0.338416666666667,0
0,0,1,0,1,0,-1,0,0,0.926666666666667,0.926666666666667,0.337833333333333,0
0,0,1,0,1,0,-1,0,0,0.93,0.93,0.33725,0
0,0,1,0,1,0,-1,0,0,0.933333333333333,0.933333333333333,0.336666666666667,0
0,0,1,0,1,0,-1,0,0,0.936666666666667,0.936666666666667,0.336083333333333,0
0,0,1,0,1,0,-1,0,0,0.94,0.94,0.3355,0
0,0,1,0,1,0,-1,0,0,0.943333333333333,0.943333333333333,0.334916666666667,0
0,0,1,0,1,0,-1,0,0,0.946666666666667,0.946666666666667,0.334333333333333,0
0,0,1,0,1,0,-1,0,0,0.95,0.95,0.33375,0
0,0,1,0,1,0,-1,0,0,0.953333333333333,0.953333333333333,0.333166666666667,0
0,0,1,0,1,0,-1,0,0,0.956666666666667,0.956666666666667,0.332583333333333,0
0,0,1,0,1,0,-1,0,0,0.96,0.96,0.332,0
0,0,1,0,1,0,-1,0,0,0.963333333333333,0.963333333333333,0.331416666666667,0
0,0,1,0,1,0,-1,0,0,0.966666666666667,0.966666666666667,0.330833333333333,0
0,0,1,0,1,0,-1,0,0,0.97,0.97,0.33025,0
0,0,1,0,1,0,-1,0,0,0.973333333333333,0.973333333333333,0.329666666666667,0
0,0,1,0,1,0,-1,0,0,0.976666666666667,0.976666666666667,0.329083333333333,0
0,0,1,0,1,0,-1,0,0,0.98,0.98,0.3285,0
0,0,1,0,1,0,-1,0,0,0.983333333333333,0.983333333333333,0.327916666666667,0
0,0,1,0,1,0,-1,0,0,0.986666666666667,0.986666666666667,0.327333333333333,0
0,0,1,0,1,0,-1,0,0,0.99,0.99,0.32675,0
0,0,1,0,1,0,-1,0,0,0.993333333333333,0.993333333333333,0.326166666666667,0
0,0,1,0,1,0,-1,0,0,0.996666666666667,0.996666666666667,0.325583333333333,0
0,0,1,0,1,0,-1,0,0,1,1,0.325,0
0,0,1,0,1,0,-1,0,0,1.0002,1,0.32205,0
0,0,1,0,1,0,-1,0,0,1.0004,1,0.3191,0
0,0,1,0,1,0,-1,0,0,1.0006,1,0.31615,0
0,0,1,0,1,0,-1,0,0,1.0008,1,0.3132,0
0,0,1,0,1,0,-1,0,0,1.001,1,0.31025,0
0,0,1,0,1,0,-1,0,0,1.0012,1,0.3073,0
0,0,1,0,1,0,-1,0,0,1.0014,1,0.30435,0
0,0,1,0,1,0,-1,0,0,1.0016,1,0.3014,0
0,0,1,0,1,0,-1,0,0,1.0018,1,0.29845,0
0,0,1,0,1,0,-1,0,0,1.002,1,0.2955,0
0,0,1,0,1,0,-1,0,0,1.0022,1,0.29255,0
0,0,1,0,1,0,-1,0,0,1.0024,1,0.2896,0
0,0,1,0,1,0,-1,0,0,1.0026,1,0.28665,0
0,0,1,0,1,0,-1,0,0,1.0028,1,0.2837,0
0,0,1,0,1,0,-1,0,0,1.003,1,0.28075,0
0,0,1,0,1,0,-1,0,0,1.0032,1,0.2778,0
0,0,1,0,1,0,-1,0,0,1.0034,1,0.27485,0
0,0,1,0,1,0,-1,0,0,1.0036,1,0.2719,0
0,0,1,0,1,0,-1,0,0,1.0038,1,0.26895,0
0,0,1,0,1,0,-1,0,0,1.004,1,0.266,0
0,0,1,0,1,0,-1,0,0,1.0042,1,0.26305,0
0,0,1,0,1,0,-1,0,0,1.0044,1,0.2601,0
0,0,1,0,1,0,-1,0,0,1.0046,1,0.25715,0
0,0,1,0,1,0,-1,0,0,1.0048,1,0.2542,0
0,0,1,0,1,0,-1,0,0,1.005,1,0.25125,0
0,0,1,0,1,0,-1,0,0,1.0052,1,0.2483,0
0,0,1,0,1,0,-1,0,0,1.0054,1,0.24535,0
0,0,1,0,1,0,-1,0,0,1.0056,1,0.2424,0
0,0,1,0,1,0,-1,0,0,1.0058,1,0.23945,0
0,0,1,0,1,0,-1,0,0,1.006,1,0.2365,0
0,0,1,0,1,0,-1,0,0,1.0062,1,0.23355,0
0,0,1,0,1,0,-1,0,0,1.0064,1,0.2306,0
0,0,1,0,1,0,-1,0,0,1.0066,1,0.22765,0
0,0,1,0,1,0,-1,0,0,1.0068,1,0.2247,0
0,0,1,0,1,0,-1,0,0,1.007,1,0.22175,0
0,0,1,0,1,0,-1,0,0,1.0072,1,0.2188,0
0,0,1,0,1,0,-1,0,0,1.0074,1,0.21585,0
0,0,1,0,1,0,-1,0,0,1.0076,1,0.2129,0
0,0,1,0,1,0,-1,0,0,1.0078,1,0.20995,0
0,0,1,0,1,0,-1,0,0,1.008,1,0.207,0
0,0,1,0,1,0,-1,0,0,1.0082,1,0.20405,0
0,0,1,0,1,0,-1,0,0,1.0084,1,0.2011,0
0,0,1,0,1,0,-1,0,0,1.0086,1,0.19815,0
0,0,1,0,1,0,-1,0,0,1.0088,1,0.1952,0
0,0,1,0,1,0,-1,0,0,1.009,1,0.19225,0
0,0,1,0,1,0,-1,0,0,1.0092,1,0.1893,0
0,0,1,0,1,0,-1,0,0,1.0094,1,0.18635,0
0,0,1,0,1,0,-1,0,0,1.0096,1,0.1834,0
0,0,1,0,1,0,-1,0,0,1.0098,1,0.18045,0
0,0,1,0,1,0,-1,0,0,1.01,1,0.1775,0
0,0,1,0,1,0,-1,0,0,1.0102,1,0.17455,0
0,0,1,0,1,0,-1,0,0,1.0104,1,0.1716,0
0,0,1,0,1,0,-1,0,0,1.0106,1,0.16865,0
0,0,1,0,1,0,-1,0,0,1.0108,1,0.1657,0
0,0,1,0,1,0,-1,0,0,1.011,1,0.16275,0
0,0,1,0,1,0,-1,0,0,1.0112,1,0.1598,0
0,0,1,0,1,0,-1,0,0,1.0114,1,0.15685,0
0,0,1,0,1,0,-1,0,0,1.0116,1,0.1539,0
0,0,1,0,1,0,-1,0,0,1.0118,1,0.15095,0
0,0,1,0,1,0,-1,0,0,1.012,1,0.148,0
0,0,1,0,1,0,-1,0,0,1.0122,1,0.14505,0
0,0,1,0,1,0,-1,0,0,1.0124,1,0.1421,0
0,0,1,0,1,0,-1,0,0,1.0126,1,0.13915,0
0,0,1,0,1,0,-1,0,0,1.0128,1,0.1362,0
0,0,1,0,1,0,-1,0,0,1.013,1,0.13325,0
0,0,1,0,1,0,-1,0,0,1.0132,1,0.1303,0
0,0,1,0,1,0,-1,0,0,1.0134,1,0.12735,0
0,0,1,0,1,0,-1,0,0,1.0136,1,0.1244,0
0,0,1,0,1,0,-1,0,0,1.0138,1,0.12145,0
0,0,1,0,1,0,-1,0,0,1.014,1,0.1185,0
0,0,1,0,1,0,-1,0,0,1.0142,1,0.11555,0
0,0,1,0,1,0,-1,0,0,1.0144,1,0.1126,0
0,0,1,0,1,0,-1,0,0,1.0146,1,0.10965,0
0,0,1,0,1,0,-1,0,0,1.0148,1,0.1067,0
0,0,1,0,1,0,-1,0,0,1.015,1,0.10375,0
0,0,1,0,1,0,-1,0,0,1.0152,1,0.1008,0
0,0,1,0,1,0,-1,0,0,1.0154,1,0.09785,0
0,0,1,0,1,0,-1,0,0,1.0156,1,0.0949,0
0,0,1,0,1,0,-1,0,0,1.0158,1,0.09195,0
0,0,1,0,1,0,-1,0,0,1.016,1,0.089,0
0,0,1,0,1,0,-1,0,0,1.0162,1,0.08605,0
0,0,1,0,1,0,-1,0,0,1.0164,1,0.0831,0
0,0,1,0,1,0,-1,0,0,1.0166,1,0.08015,0
0,0,1,0,1,0,-1,0,0,1.0168,1,0.0772,0
0,0,1,0,1,0,-1,0,0,1.017,1,0.07425,0
0,0,1,0,1,0,-1,0,0,1.0172,1,0.0713,0
0,0,1,0,1,0,-1,0,0,1.0174,1,0.06835,0
0,0,1,0,1,0,-1,0,0,1.0176,1,0.0654,0
0,0,1,0,1,0,-1,0,0,1.0178,1,0.06245,0
0,0,1,0,1,0,-1,0,0,1.018,1,0.0595,0
0,0,1,0,1,0,-1,0,0,1.0182,1,0.05655,0
0,0,1,0,1,0,-1,0,0,1.0184,1,0.0536,0
0,0,1,0,1,0,-1,0,0,1.0186,1,0.05065,0
0,0,1,0,1,0,-1,0,0,1.0188,1,0.0477,0
0,0,1,0,1,0,-1,0,0,1.019,1,0.04475,0
0,0,1,0,1,0,-1,0,0,1.0192,1,0.0418000000000001,0
0,0,1,0,1,0,-1,0,0,1.0194,1,0.0388500000000001,0
0,0,1,0,1,0,-1,0,0,1.0196,1,0.0359,0
0,0,1,0,1,0,-1,0,0,1.0198,1,0.03295,0
0,0,1,0,1,0,-1,0,0,1.02,1,0.03,0
0,0,1,0,1,0,-1,0,0,1.02,1,0.03,1
0,0,1,0,1,0,-1,0,0,1.02,1,0.03,1
0,0,1,0,1,0,-1,0,0,1.02,1,0.03,1
0,0,1,0,1,0,-1,0,0,1.02,1,0.03,1
0,0,1,0,1,0,-1,0,0,1.02,1,0.03,1
0,0,1,0,1,0,-1,0,0,1.02,1,0.03,1
0,0,1,0,1,0,-1,0,0,1.02,1,0.03,1
0,0,1,0,1,0,-1,0,0,1.02,1,0.03,1
0,0,1,0,1,0,-1,0,0,1.02,1,0.03,1
0,0,1,0,1,0,-1,0,0,1.02,1,0.03,1
0,0,1,0,1,0,-1,0,0,1.02,1,0.03,1
0,0,1,0,1,0,-1,0,0,1.02,1,0.03,1
0,0,1,0,1,0,-1,0,0,1.02,1,0.03,1
0,0,1,0,1,0,-1,0,0,1.02,1,0.03,1
0,0,1,0,1,0,-1,0,0,1.02,1,0.03,1
0,0,1,0,1,0,-1,0,0,1.02,1,0.03,1
0,0,1,0,1,0,-1,0,0,1.02,1,0.03,1
0,0,1,0,1,0,-1,0,0,1.02,1,0.03,1
0,0,1,0,1,0,-1,0,0,1.02,1,0.03,1
0,0,1,0,1,0,-1,0,0,1.02,1,0.03,1
0,0,1,0,1,0,-1,0,0,1.02,1,0.03,1
0,0,1,0,1,0,-1,0,0,1.02,1,0.03,1
0,0,1,0,1,0,-1,0,0,1.02,1,0.03,1
0,0,1,0,1,0,-1,0,0,1.02,1,0.03,1
0,0,1,0,1,0,-1,0,0,1.02,1,0.03,1
0,0,1,0,1,0,-1,0,0,1.02,1,0.03,1
0,0,1,0,1,0,-1,0,0,1.02,1,0.03,1
0,0,1,0,1,0,-1,0,0,1.02,1,0.03,1
0,0,1,0,1,0,-1,0,0,1.02,1,0.03,1
0,0,1,0,1,0,-1,0,0,1.02,1,0.03,1
0,0,1,0,1,0,-1,0,0,1.02,1,0.03,1
0,0,1,0,1,0,-1,0,0,1.02,1,0.03,1
0,0,1,0,1,0,-1,0,0,1.02,1,0.03,1
0,0,1,0,1,0,-1,0,0,1.02,1,0.03,1
0,0,1,0,1,0,-1,0,0,1.02,1,0.03,1
0,0,1,0,1,0,-1,0,0,1.02,1,0.03,1
0,0,1,0,1,0,-1,0,0,1.02,1,0.03,1
0,0,1,0,1,0,-1,0,0,1.02,1,0.03,1
0,0,1,0,1,0,-1,0,0,1.02,1,0.03,1
0,0,1,0,1,0,-1,0,0,1.02,1,0.03,1
0,0,1,0,1,0,-1,0,0,1.02,1,0.03,1
0,0,1,0,1,0,-1,0,0,1.02,1,0.03,1
0,0,1,0,1,0,-1,0,0,1.02,1,0.03,1
0,0,1,0,1,0,-1,0,0,1.02,1,0.03,1
0,0,1,0,1,0,-1,0,0,1.02,1,0.03,1
0,0,1,0,1,0,-1,0,0,1.02,1,0.03,1
0,0,1,0,1,0,-1,0,0,1.02,1,0.03,1
0,0,1,0,1,0,-1,0,0,1.02,1,0.03,1
0,0,1,0,1,0,-1,0,0,1.02,1,0.03,1
0,0,1,0,1,0,-1,0,0,1.02,1,0.03,1
0,0,1,0,1,0,-1,0,0,1.02,1,0.03,1
0,0,1,0,1,0,-1,0,0,1.02,1,0.03,1
0,0,1,0,1,0,-1,0,0,1.02,1,0.03,1
0,0,1,0,1,0,-1,0,0,1.02,1,0.03,1
0,0,1,0,1,0,-1,0,0,1.02,1,0.03,1
0,0,1,0,1,0,-1,0,0,1.02,1,0.03,1
0,0,1,0,1,0,-1,0,0,1.02,1,0.03,1
0,0,1,0,1,0,-1,0,0,1.02,1,0.03,1
0,0,1,0,1,0,-1,0,0,1.02,1,0.03,1
0,0,1,0,1,0,-1,0,0,1.02,1,0.03,1
0,0,1,0,1,0,-1,0,0,1.02,1,0.03,1
0,0,1,0,1,0,-1,0,0,1.02,1,0.03,1
0,0,1,0,1,0,-1,0,0,1.02,1,0.03,1
0,0,1,0,1,0,-1,0,0,1.02,1,0.03,1
0,0,1,0,1,0,-1,0,0,1.02,1,0.03,1
0,0,1,0,1,0,-1,0,0,1.02,1,0.03,1
0,0,1,0,1,0,-1,0,0,1.02,1,0.03,1
0,0,1,0,1,0,-1,0,0,1.02,1,0.03,1
0,0,1,0,1,0,-1,0,0,1.02,1,0.03,1
0,0,1,0,1,0,-1,0,0,1.02,1,0.03,1
0,0,1,0,1,0,-1,0,0,1.02,1,0.03,1
0,0,1,0,1,0,-1,0,0,1.02,1,0.03,1
0,0,1,0,1,0,-1,0,0,1.02,1,0.03,1
0,0,1,0,1,0,-1,0,0,1.02,1,0.03,1
0,0,1,0,1,0,-1,0,0,1.02,1,0.03,1
0,0,1,0,1,0,-1,0,0,1.02,1,0.03,1
0,0,1,0,1,0,-1,0,0,1.02,1,0.03,1
0,0,1,0,1,0,-1,0,0,1.02,1,0.03,1
0,0,1,0,1,0,-1,0,0,1.02,1,0.03,1
0,0,1,0,1,0,-1,0,0,1.02,1,0.03,1
0,0,1,0,1,0,-1,0,0,1.02,1,0.03,1
0,0,1,0,1,0,-1,0,0,1.02,1,0.03,1
0,0,1,0,1,0,-1,0,0,1.02,1,0.03,1
0,0,1,0,1,0,-1,0,0,1.02,1,0.03,1
0,0,1,0,1,0,-1,0,0,1.02,1,0.03,1
0,0,1,0,1,0,-1,0,0,1.02,1,0.03,1
0,0,1,0,1,0,-1,0,0,1.02,1,0.03,1
0,0,1,0,1,0,-1,0,0,1.02,1,0.03,1
0,0,1,0,1,0,-1,0,0,1.02,1,0.03,1
0,0,1,0,1,0,-1,0,0,1.02,1,0.03,1
0,0,1,0,1,0,-1,0,0,1.02,1,0.03,1
0,0,1,0,1,0,-1,0,0,1.02,1,0.03,1
0,0,1,0,1,0,-1,0,0,1.02,1,0.03,1
0,0,1,0,1,0,-1,0,0,1.02,1,0.03,1
0,0,1,0,1,0,-1,0,0,1.02,1,0.03,1
0,0,1,0,1,0,-1,0,0,1.02,1,0.03,1
0,0,1,0,1,0,-1,0,0,1.02,1,0.03,1
0,0,1,0,1,0,-1,0,0,1.02,1,0.03,1
0,0,1,0,1,0,-1,0,0,1.02,1,0.03,1
0,0,1,0,1,0,-1,0,0,1.02,1,0.03,1
0,0,1,0,1,0,-1,0,0,1.0198,1,0.03295,1
0,0,1,0,1,0,-1,0,0,1.0196,1,0.0359,1
0,0,1,0,1,0,-1,0,0,1.0194,1,0.03885,1
0,0,1,0,1,0,-1,0,0,1.0192,1,0.0418,1
0,0,1,0,1,0,-1,0,0,1.019,1,0.04475,1
0,0,1,0,1,0,-1,0,0,1.0188,1,0.0477,1
0,0,1,0,1,0,-1,0,0,1.0186,1,0.05065,1
0,0,1,0,1,0,-1,0,0,1.0184,1,0.0536,1
0,0,1,0,1,0,-1,0,0,1.0182,1,0.05655,1
0,0,1,0,1,0,-1,0,0,1.018,1,0.0595,1
0,0,1,0,1,0,-1,0,0,1.0178,1,0.06245,1
0,0,1,0,1,0,-1,0,0,1.0176,1,0.0654,1
0,0,1,0,1,0,-1,0,0,1.0174,1,0.06835,1
0,0,1,0,1,0,-1,0,0,1.0172,1,0.0713,1
0,0,1,0,1,0,-1,0,0,1.017,1,0.07425,1
0,0,1,0,1,0,-1,0,0,1.0168,1,0.0772,1
0,0,1,0,1,0,-1,0,0,1.0166,1,0.08015,1
0,0,1,0,1,0,-1,0,0,1.0164,1,0.0831,1
0,0,1,0,1,0,-1,0,0,1.0162,1,0.08605,1
0,0,1,0,1,0,-1,0,0,1.016,1,0.089,1
0,0,1,0,1,0,-1,0,0,1.0158,1,0.09195,1
0,0,1,0,1,0,-1,0,0,1.0156,1,0.0949,1
0,0,1,0,1,0,-1,0,0,1.0154,1,0.09785,1
0,0,1,0,1,0,-1,0,0,1.0152,1,0.1008,1
0,0,1,0,1,0,-1,0,0,1.015,1,0.10375,1
0,0,1,0,1,0,-1,0,0,1.0148,1,0.1067,1
0,0,1,0,1,0,-1,0,0,1.0146,1,0.10965,1
0,0,1,0,1,0,-1,0,0,1.0144,1,0.1126,1
0,0,1,0,1,0,-1,0,0,1.0142,1,0.11555,1
0,0,1,0,1,0,-1,0,0,1.014,1,0.1185,1
0,0,1,0,1,0,-1,0,0,1.0138,1,0.12145,1
0,0,1,0,1,0,-1,0,0,1.0136,1,0.1244,1
0,0,1,0,1,0,-1,0,0,1.0134,1,0.12735,1
0,0,1,0,1,0,-1,0,0,1.0132,1,0.1303,1
0,0,1,0,1,0,-1,0,0,1.013,1,0.13325,1
0,0,1,0,1,0,-1,0,0,1.0128,1,0.1362,1
0,0,1,0,1,0,-1,0,0,1.0126,1,0.13915,1
0,0,1,0,1,0,-1,0,0,1.0124,1,0.1421,1
0,0,1,0,1,0,-1,0,0,1.0122,1,0.14505,1
0,0,1,0,1,0,-1,0,0,1.012,1,0.148,1
0,0,1,0,1,0,-1,0,0,1.0118,1,0.15095,1
0,0,1,0,1,0,-1,0,0,1.0116,1,0.1539,1
0,0,1,0,1,0,-1,0,0,1.0114,1,0.15685,1
0,0,1,0,1,0,-1,0,0,1.0112,1,0.1598,1
0,0,1,0,1,0,-1,0,0,1.011,1,0.16275,1
0,0,1,0,1,0,-1,0,0,1.0108,1,0.1657,1
0,0,1,0,1,0,-1,0,0,1.0106,1,0.16865,1
0,0,1,0,1,0,-1,0,0,1.0104,1,0.1716,1
0,0,1,0,1,0,-1,0,0,1.0102,1,0.17455,1
0,0,1,0,1,0,-1,0,0,1.01,1,0.1775,1
0,0,1,0,1,0,-1,0,0,1.0098,1,0.18045,1
0,0,1,0,1,0,-1,0,0,1.0096,1,0.1834,1
0,0,1,0,1,0,-1,0,0,1.0094,1,0.18635,1
0,0,1,0,1,0,-1,0,0,1.0092,1,0.1893,1
0,0,1,0,1,0,-1,0,0,1.009,1,0.19225,1
0,0,1,0,1,0,-1,0,0,1.0088,1,0.1952,1
0,0,1,0,1,0,-1,0,0,1.0086,1,0.19815,1
0,0,1,0,1,0,-1,0,0,1.0084,1,0.2011,1
0,0,1,0,1,0,-1,0,0,1.0082,1,0.20405,1
0,0,1,0,1,0,-1,0,0,1.008,1,0.207,1
0,0,1,0,1,0,-1,0,0,1.0078,1,0.20995,1
0,0,1,0,1,0,-1,0,0,1.0076,1,0.2129,1
0,0,1,0,1,0,-1,0,0,1.0074,1,0.21585,1
0,0,1,0,1,0,-1,0,0,1.0072,1,0.2188,1
0,0,1,0,1,0,-1,0,0,1.007,1,0.22175,1
0,0,1,0,1,0,-1,0,0,1.0068,1,0.2247,1
0,0,1,0,1,0,-1,0,0,1.0066,1,0.22765,1
0,0,1,0,1,0,-1,0,0,1.0064,1,0.2306,1
0,0,1,0,1,0,-1,0,0,1.0062,1,0.23355,1
0,0,1,0,1,0,-1,0,0,1.006,1,0.2365,1
0,0,1,0,1,0,-1,0,0,1.0058,1,0.23945,1
0,0,1,0,1,0,-1,0,0,1.0056,1,0.2424,1
0,0,1,0,1,0,-1,0,0,1.0054,1,0.24535,1
0,0,1,0,1,0,-1,0,0,1.0052,1,0.2483,1
0,0,1,0,1,0,-1,0,0,1.005,1,0.25125,1
0,0,1,0,1,0,-1,0,0,1.0048,1,0.2542,1
0,0,1,0,1,0,-1,0,0,1.0046,1,0.25715,1
0,0,1,0,1,0,-1,0,0,1.0044,1,0.2601,1
0,0,1,0,1,0,-1,0,0,1.0042,1,0.26305,1
0,0,1,0,1,0,-1,0,0,1.004,1,0.266,1
0,0,1,0,1,0,-1,0,0,1.0038,1,0.26895,1
0,0,1,0,1,0,-1,0,0,1.0036,1,0.2719,1
0,0,1,0,1,0,-1,0,0,1.0034,1,0.27485,1
0,0,1,0,1,0,-1,0,0,1.0032,1,0.2778,1
0,0,1,0,1,0,-1,0,0,1.003,1,0.28075,1
0,0,1,0,1,0,-1,0,0,1.0028,1,0.2837,1
0,0,1,0,1,0,-1,0,0,1.0026,1,0.28665,1
0,0,1,0,1,0,-1,0,0,1.0024,1,0.2896,1
0,0,1,0,1,0,-1,0,0,1.0022,1,0.29255,1
0,0,1,0,1,0,-1,0,0,1.002,1,0.2955,1
0,0,1,0,1,0,-1,0,0,1.0018,1,0.29845,1
0,0,1,0,1,0,-1,0,0,1.0016,1,0.3014,1
0,0,1,0,1,0,-1,0,0,1.0014,1,0.30435,1
0,0,1,0,1,0,-1,0,0,1.0012,1,0.3073,1
0,0,1,0,1,0,-1,0,0,1.001,1,0.31025,1
0,0,1,0,1,0,-1,0,0,1.0008,1,0.3132,1
0,0,1,0,1,0,-1,0,0,1.0006,1,0.31615,1
0,0,1,0,1,0,-1,0,0,1.0004,1,0.3191,1
0,0,1,0,1,0,-1,0,0,1.0002,1,0.32205,1
0,0,1,0,1,0,-1,0,0,1,1,0.325,1
0,0.00261799088741799,0.999996573055985,0,0.999996573055985,-0.00261799088741799,-1,0,0,0.999989719167954,0.992146027337746,0.325,1
0,0.00523596383141958,0.999986292247427,0,0.999986292247427,-0.00523596383141958,-1,0,0,0.99995887674228,0.984292108505741,0.325,1
0,0.00785390088871133,0.99996915764479,0,0.99996915764479,-0.00785390088871133,-1,0,0,0.999907472934369,0.976438297333866,0.325,1
0,0.0104717841162458,0.999945169365512,0,0.999945169365512,-0.0104717841162458,-1,0,0,0.999835508096536,0.968584647651263,0.325,1
0,0.0130895955713444,0.999914327574007,0,0.999914327574007,-0.0130895955713444,-1,0,0,0.999742982722021,0.960731213285967,0.325,1
0,0.0157073173118207,0.999876632481661,0,0.999876632481661,-0.0157073173118207,-1,0,0,0.999629897444982,0.952878048064538,0.325,1
0,0.0183249313961028,0.999832084346831,0,0.999832084346831,-0.0183249313961028,-1,0,0,0.999496253040492,0.945025205811692,0.325,1
0,0.020942419883357,0.999780683474845,0,0.999780683474845,-0.020942419883357,-1,0,0,0.999342050424536,0.937172740349929,0.325,1
0,0.0235597648336102,0.999722430218001,0,0.999722430218001,-0.0235597648336102,-1,0,0,0.999167290654002,0.92932070549917,0.325,1
0,0.0261769483078731,0.999657324975557,0,0.999657324975557,-0.0261769483078731,-1,0,0,0.998971974926672,0.92146915507638,0.325,1
0,0.0287939523682635,0.99958536819374,0,0.99958536819374,-0.0287939523682635,-1,0,0,0.998756104581219,0.91361814289521,0.325,1
0,0.0314107590781283,0.999506560365732,0,0.999506560365732,-0.0314107590781283,-1,0,0,0.998519681097195,0.905767722765615,0.325,1
0,0.0340273505021674,0.999420902031673,0,0.999420902031673,-0.0340273505021674,-1,0,0,0.998262706095019,0.897917948493498,0.325,1
0,0.0366437087065563,0.999328393778656,0,0.999328393778656,-0.0366437087065563,-1,0,0,0.997985181335969,0.890068873880331,0.325,1
0,0.0392598157590686,0.999229036240723,0,0.999229036240723,-0.0392598157590686,-1,0,0,0.997687108722169,0.882220552722794,0.325,1
0,0.0418756537291996,0.999122830098858,0,0.999122830098858,-0.0418756537291996,-1,0,0,0.997368490296575,0.874373038812401,0.325,1
0,0.0444912046882888,0.999009776080988,0,0.999009776080988,-0.0444912046882888,-1,0,0,0.997029328242963,0.866526385935134,0.325,1
0,0.0471064507096427,0.99888987496197,0,0.99888987496197,-0.0471064507096427,-1,0,0,0.99666962488591,0.858680647871072,0.325,1
0,0.0497213738686579,0.998763127563595,0,0.998763127563595,-0.0497213738686579,-1,0,0,0.996289382690784,0.850835878394026,0.325,1
0,0.0523359562429438,0.998629534754574,0,0.998629534754574,-0.0523359562429438,-1,0,0,0.995888604263722,0.842992131271169,0.325,1
0,0.0549501799124458,0.998489097450538,0,0.998489097450538,-0.0549501799124458,-1,0,0,0.995467292351614,0.835149460262663,0.325,1
0,0.0575640269595673,0.998341816614028,0,0.998341816614028,-0.0575640269595673,-1,0,0,0.995025449842085,0.827307919121298,0.325,1
0,0.0601774794692934,0.998187693254492,0,0.998187693254492,-0.0601774794692934,-1,0,0,0.994563079763474,0.81946756159212,0.325,1
0,0.0627905195293134,0.998026728428272,0,0.998026728428272,-0.0627905195293134,-1,0,0,0.994080185284815,0.81162844141206,0.325,1
0,0.0654031292301431,0.997858923238603,0,0.997858923238603,-0.0654031292301431,-1,0,0,0.993576769715811,0.803790612309571,0.325,1
0,0.0680152906652482,0.997684278835605,0,0.997684278835605,-0.0680152906652482,-1,0,0,0.993052836506816,0.795954128004256,0.325,1
0,0.0706269859311667,0.99750279641627,0,0.99750279641627,-0.0706269859311667,-1,0,0,0.99250838924881,0.7881190422065,0.325,1
0,0.0732381971276317,0.997314477224458,0,0.997314477224458,-0.0732381971276317,-1,0,0,0.991943431673374,0.780285408617105,0.325,1
0,0.075848906357694,0.997119322550888,0,0.997119322550888,-0.075848906357694,-1,0,0,0.991357967652664,0.772453280926918,0.325,1
0,0.0784590957278449,0.996917333733128,0,0.996917333733128,-0.0784590957278449,-1,0,0,0.990752001199384,0.764622712816465,0.325,1
0,0.0810687473481388,0.996708512155587,0,0.996708512155587,-0.0810687473481388,-1,0,0,0.990125536466761,0.756793757955584,0.325,1
0,0.0836778433323155,0.996492859249504,0,0.996492859249504,-0.0836778433323155,-1,0,0,0.989478577748513,0.748966470003054,0.325,1
0,0.0862863657979234,0.996270376492941,0,0.996270376492941,-0.0862863657979234,-1,0,0,0.988811129478824,0.74114090260623,0.325,1
0,0.0888942968664415,0.99604106541077,0,0.99604106541077,-0.0888942968664415,-1,0,0,0.988123196232309,0.733317109400676,0.325,1
0,0.0915016186634024,0.995804927574662,0,0.995804927574662,-0.0915016186634024,-1,0,0,0.987414782723985,0.725495144009793,0.325,1
0,0.0941083133185143,0.99556196460308,0,0.99556196460308,-0.0941083133185143,-1,0,0,0.98668589380924,0.717675060044457,0.325,1
0,0.096714362965784,0.995312178161265,0,0.995312178161265,-0.096714362965784,-1,0,0,0.985936534483796,0.709856911102648,0.325,1
0,0.099319749743639,0.995055569961226,0,0.995055569961226,-0.099319749743639,-1,0,0,0.985166709883679,0.702040750769083,0.325,1
0,0.10192445579505,0.994792141761726,0,0.994792141761726,-0.10192445579505,-1,0,0,0.984376425285179,0.69422663261485,0.325,1
0,0.104528463267653,0.994521895368273,0,0.994521895368273,-0.104528463267653,-1,0,0,0.98356568610482,0.68641461019704,0.325,1
0,0.107131754313874,0.994244832633105,0,0.994244832633105,-0.107131754313874,-1,0,0,0.982734497899316,0.678604737058379,0.325,1
0,0.109734311091045,0.99396095545518,0,0.99396095545518,-0.109734311091045,-1,0,0,0.981882866365539,0.670797066726864,0.325,1
0,0.112336115761536,0.993670265780158,0,0.993670265780158,-0.112336115761536,-1,0,0,0.981010797340476,0.662991652715393,0.325,1
0,0.114937150492867,0.993372765600396,0,0.993372765600396,-0.114937150492867,-1,0,0,0.980118296801189,0.6551885485214,0.325,1
0,0.117537397457838,0.993068456954926,0,0.993068456954926,-0.117537397457838,-1,0,0,0.979205370864779,0.647387807626487,0.325,1
0,0.120136838834647,0.992757341929446,0,0.992757341929446,-0.120136838834647,-1,0,0,0.978272025788337,0.639589483496059,0.325,1
0,0.122735456807015,0.992439422656302,0,0.992439422656302,-0.122735456807015,-1,0,0,0.977318267968905,0.631793629578955,0.325,1
0,0.125333233564304,0.992114701314478,0,0.992114701314478,-0.125333233564304,-1,0,0,0.976344103943434,0.624000299307087,0.325,1
0,0.127930151301644,0.991783180129578,0,0.991783180129578,-0.127930151301644,-1,0,0,0.975349540388733,0.616209546095067,0.325,1
0,0.130526192220052,0.99144486137381,0,0.99144486137381,-0.130526192220052,-1,0,0,0.974334584121431,0.608421423339845,0.325,1
0,0.133121338526552,0.991099747365975,0,0.991099747365975,-0.133121338526552,-1,0,0,0.973299242097924,0.600635984420343,0.325,1
0,0.135715572434304,0.990747840471444,0,0.990747840471444,-0.135715572434304,-1,0,0,0.972243521414331,0.592853282697087,0.325,1
0,0.138308876162719,0.990389143102147,0,0.990389143102147,-0.138308876162719,-1,0,0,0.971167429306442,0.585073371511843,0.325,1
0,0.140901231937583,0.990023657716558,0,0.990023657716558,-0.140901231937583,-1,0,0,0.970070973149673,0.577296304187252,0.325,1
0,0.143492621991179,0.98965138681967,0,0.98965138681967,-0.143492621991179,-1,0,0,0.968954160459011,0.569522134026462,0.325,1
0,0.146083028562412,0.989272332962988,0,0.989272332962988,-0.146083028562412,-1,0,0,0.967816998888965,0.561750914312765,0.325,1
0,0.148672433896923,0.988886498744505,0,0.988886498744505,-0.148672433896923,-1,0,0,0.966659496233514,0.553982698309231,0.325,1
0,0.151260820247219,0.988493886808684,0,0.988493886808684,-0.151260820247219,-1,0,0,0.965481660426051,0.546217539258342,0.325,1
0,0.15384816987279,0.988094499846443,0,0.988094499846443,-0.15384816987279,-1,0,0,0.96428349953933,0.53845549038163,0.325,1
0,0.156434465040231,0.987688340595138,0,0.987688340595138,-0.156434465040231,-1,0,0,0.963065021785413,0.530696604879307,0.325,1
0,0.159019688023364,0.987275411838537,0,0.987275411838537,-0.159019688023364,-1,0,0,0.96182623551561,0.522940935929908,0.325,1
0,0.161603821103361,0.986855716406807,0,0.986855716406807,-0.161603821103361,-1,0,0,0.960567149220422,0.515188536689917,0.325,1
0,0.164186846568863,0.986429257176495,0,0.986429257176495,-0.164186846568863,-1,0,0,0.959287771529487,0.507439460293411,0.325,1
0,0.166768746716102,0.985996037070505,0,0.985996037070505,-0.166768746716102,-1,0,0,0.957988111211515,0.499693759851693,0.325,1
0,0.169349503849025,0.985556059058078,0,0.985556059058078,-0.169349503849025,-1,0,0,0.956668177174233,0.491951488452926,0.325,1
0,0.17192910027941,0.985109326154774,0,0.985109326154774,-0.17192910027941,-1,0,0,0.955327978464322,0.484212699161771,0.325,1
0,0.174507518326992,0.984655841422451,0,0.984655841422451,-0.174507518326992,-1,0,0,0.953967524267352,0.476477445019024,0.325,1
0,0.177084740319583,0.984195607969242,0,0.984195607969242,-0.177084740319583,-1,0,0,0.952586823907726,0.46874577904125,0.325,1
0,0.179660748593193,0.983728628949536,0,0.983728628949536,-0.179660748593193,-1,0,0,0.951185886848608,0.461017754220422,0.325,1
0,0.182235525492147,0.983254907563955,0,0.983254907563955,-0.182235525492147,-1,0,0,0.949764722691864,0.453293423523558,0.325,1
0,0.184809053369215,0.982774447059331,0,0.982774447059331,-0.184809053369215,-1,0,0,0.948323341177994,0.445572839892354,0.325,1
0,0.187381314585725,0.982287250728689,0,0.982287250728689,-0.187381314585725,-1,0,0,0.946861752186066,0.437856056242826,0.325,1
0,0.189952291511685,0.981793321911216,0,0.981793321911216,-0.189952291511685,-1,0,0,0.945379965733647,0.430143125464946,0.325,1
0,0.192521966525907,0.981292663992245,0,0.981292663992245,-0.192521966525907,-1,0,0,0.943877991976735,0.422434100422278,0.325,1
0,0.195090322016128,0.98078528040323,0,0.98078528040323,-0.195090322016128,-1,0,0,0.942355841209691,0.414729033951615,0.325,1
0,0.197657340379126,0.980271174621722,0,0.980271174621722,-0.197657340379126,-1,0,0,0.940813523865166,0.407027978862622,0.325,1
0,0.200223004020845,0.979750350171343,0,0.979750350171343,-0.200223004020845,-1,0,0,0.939251050514028,0.399330987937466,0.325,1
0,0.202787295356512,0.979222810621766,0,0.979222810621766,-0.202787295356512,-1,0,0,0.937668431865297,0.391638113930463,0.325,1
0,0.205350196810764,0.978688559588688,0,0.978688559588688,-0.205350196810764,-1,0,0,0.936065678766064,0.383949409567708,0.325,1
0,0.207911690817759,0.978147600733806,0,0.978147600733806,-0.207911690817759,-1,0,0,0.934442802201417,0.376264927546722,0.325,1
